           1  -1.00000000    
           2   0.00000000    
           3   1.00000000    
           4   2.00000000    
           5   1.00000000    
           6   2.00000000    
           7   1.00000000    
           8   2.00000000    
           9   3.00000000    
          10   4.00000000    
          11   3.00000000    
          12   4.00000000    
          13   3.00000000    
          14   2.00000000    
          15   3.00000000    
          16   4.00000000    
          17   5.00000000    
          18   4.00000000    
          19   5.00000000    
          20   6.00000000    
          21   7.00000000    
          22   8.00000000    
          23   9.00000000    
          24   8.00000000    
          25   9.00000000    
          26   10.0000000    
          27   9.00000000    
          28   10.0000000    
          29   11.0000000    
          30   12.0000000    
          31   13.0000000    
          32   12.0000000    
          33   13.0000000    
          34   12.0000000    
          35   11.0000000    
          36   12.0000000    
          37   13.0000000    
          38   12.0000000    
          39   13.0000000    
          40   12.0000000    
          41   13.0000000    
          42   14.0000000    
          43   13.0000000    
          44   12.0000000    
          45   13.0000000    
          46   14.0000000    
          47   13.0000000    
          48   14.0000000    
          49   13.0000000    
          50   12.0000000    
          51   11.0000000    
          52   10.0000000    
          53   9.00000000    
          54   8.00000000    
          55   9.00000000    
          56   10.0000000    
          57   11.0000000    
          58   12.0000000    
          59   13.0000000    
          60   12.0000000    
          61   13.0000000    
          62   14.0000000    
          63   13.0000000    
          64   12.0000000    
          65   13.0000000    
          66   12.0000000    
          67   11.0000000    
          68   12.0000000    
          69   11.0000000    
          70   12.0000000    
          71   13.0000000    
          72   12.0000000    
          73   13.0000000    
          74   14.0000000    
          75   15.0000000    
          76   14.0000000    
          77   13.0000000    
          78   14.0000000    
          79   15.0000000    
          80   14.0000000    
          81   15.0000000    
          82   16.0000000    
          83   17.0000000    
          84   16.0000000    
          85   15.0000000    
          86   16.0000000    
          87   15.0000000    
          88   14.0000000    
          89   15.0000000    
          90   14.0000000    
          91   15.0000000    
          92   14.0000000    
          93   13.0000000    
          94   14.0000000    
          95   15.0000000    
          96   14.0000000    
          97   15.0000000    
          98   14.0000000    
          99   13.0000000    
         100   14.0000000    
         101   15.0000000    
         102   14.0000000    
         103   13.0000000    
         104   12.0000000    
         105   13.0000000    
         106   14.0000000    
         107   13.0000000    
         108   12.0000000    
         109   11.0000000    
         110   12.0000000    
         111   11.0000000    
         112   10.0000000    
         113   9.00000000    
         114   10.0000000    
         115   9.00000000    
         116   8.00000000    
         117   9.00000000    
         118   8.00000000    
         119   7.00000000    
         120   8.00000000    
         121   7.00000000    
         122   8.00000000    
         123   7.00000000    
         124   6.00000000    
         125   7.00000000    
         126   6.00000000    
         127   7.00000000    
         128   8.00000000    
         129   9.00000000    
         130   8.00000000    
         131   9.00000000    
         132   8.00000000    
         133   9.00000000    
         134   10.0000000    
         135   9.00000000    
         136   10.0000000    
         137   9.00000000    
         138   8.00000000    
         139   9.00000000    
         140   8.00000000    
         141   7.00000000    
         142   8.00000000    
         143   9.00000000    
         144   10.0000000    
         145   11.0000000    
         146   10.0000000    
         147   11.0000000    
         148   12.0000000    
         149   13.0000000    
         150   12.0000000    
         151   11.0000000    
         152   12.0000000    
         153   11.0000000    
         154   10.0000000    
         155   9.00000000    
         156   10.0000000    
         157   11.0000000    
         158   10.0000000    
         159   11.0000000    
         160   12.0000000    
         161   13.0000000    
         162   14.0000000    
         163   15.0000000    
         164   16.0000000    
         165   17.0000000    
         166   16.0000000    
         167   15.0000000    
         168   16.0000000    
         169   17.0000000    
         170   16.0000000    
         171   17.0000000    
         172   18.0000000    
         173   17.0000000    
         174   16.0000000    
         175   17.0000000    
         176   18.0000000    
         177   17.0000000    
         178   18.0000000    
         179   19.0000000    
         180   20.0000000    
         181   21.0000000    
         182   22.0000000    
         183   21.0000000    
         184   22.0000000    
         185   21.0000000    
         186   22.0000000    
         187   21.0000000    
         188   22.0000000    
         189   23.0000000    
         190   24.0000000    
         191   25.0000000    
         192   26.0000000    
         193   25.0000000    
         194   24.0000000    
         195   23.0000000    
         196   24.0000000    
         197   23.0000000    
         198   22.0000000    
         199   21.0000000    
         200   22.0000000    
         201   23.0000000    
         202   24.0000000    
         203   25.0000000    
         204   24.0000000    
         205   23.0000000    
         206   22.0000000    
         207   21.0000000    
         208   20.0000000    
         209   21.0000000    
         210   22.0000000    
         211   23.0000000    
         212   22.0000000    
         213   21.0000000    
         214   20.0000000    
         215   19.0000000    
         216   20.0000000    
         217   21.0000000    
         218   20.0000000    
         219   21.0000000    
         220   20.0000000    
         221   19.0000000    
         222   18.0000000    
         223   19.0000000    
         224   18.0000000    
         225   17.0000000    
         226   18.0000000    
         227   17.0000000    
         228   16.0000000    
         229   15.0000000    
         230   16.0000000    
         231   17.0000000    
         232   18.0000000    
         233   19.0000000    
         234   18.0000000    
         235   19.0000000    
         236   20.0000000    
         237   19.0000000    
         238   20.0000000    
         239   19.0000000    
         240   20.0000000    
         241   21.0000000    
         242   22.0000000    
         243   21.0000000    
         244   20.0000000    
         245   21.0000000    
         246   20.0000000    
         247   21.0000000    
         248   20.0000000    
         249   21.0000000    
         250   22.0000000    
         251   23.0000000    
         252   22.0000000    
         253   21.0000000    
         254   20.0000000    
         255   21.0000000    
         256   20.0000000    
         257   19.0000000    
         258   20.0000000    
         259   19.0000000    
         260   18.0000000    
         261   17.0000000    
         262   16.0000000    
         263   15.0000000    
         264   16.0000000    
         265   17.0000000    
         266   16.0000000    
         267   15.0000000    
         268   16.0000000    
         269   17.0000000    
         270   16.0000000    
         271   17.0000000    
         272   16.0000000    
         273   17.0000000    
         274   16.0000000    
         275   17.0000000    
         276   16.0000000    
         277   17.0000000    
         278   16.0000000    
         279   15.0000000    
         280   16.0000000    
         281   15.0000000    
         282   14.0000000    
         283   13.0000000    
         284   12.0000000    
         285   11.0000000    
         286   10.0000000    
         287   11.0000000    
         288   12.0000000    
         289   13.0000000    
         290   12.0000000    
         291   11.0000000    
         292   10.0000000    
         293   11.0000000    
         294   10.0000000    
         295   9.00000000    
         296   8.00000000    
         297   7.00000000    
         298   6.00000000    
         299   7.00000000    
         300   6.00000000    
         301   5.00000000    
         302   4.00000000    
         303   3.00000000    
         304   2.00000000    
         305   1.00000000    
         306   0.00000000    
         307   1.00000000    
         308   0.00000000    
         309   1.00000000    
         310   0.00000000    
         311  -1.00000000    
         312   0.00000000    
         313  -1.00000000    
         314   0.00000000    
         315  -1.00000000    
         316   0.00000000    
         317   1.00000000    
         318   0.00000000    
         319   1.00000000    
         320   0.00000000    
         321  -1.00000000    
         322   0.00000000    
         323   1.00000000    
         324   0.00000000    
         325  -1.00000000    
         326  -2.00000000    
         327  -3.00000000    
         328  -2.00000000    
         329  -1.00000000    
         330  -2.00000000    
         331  -1.00000000    
         332   0.00000000    
         333   1.00000000    
         334   2.00000000    
         335   1.00000000    
         336   0.00000000    
         337   1.00000000    
         338   0.00000000    
         339   1.00000000    
         340   0.00000000    
         341   1.00000000    
         342   2.00000000    
         343   3.00000000    
         344   2.00000000    
         345   1.00000000    
         346   2.00000000    
         347   1.00000000    
         348   2.00000000    
         349   3.00000000    
         350   4.00000000    
         351   3.00000000    
         352   2.00000000    
         353   3.00000000    
         354   2.00000000    
         355   3.00000000    
         356   2.00000000    
         357   1.00000000    
         358   2.00000000    
         359   3.00000000    
         360   2.00000000    
         361   3.00000000    
         362   4.00000000    
         363   3.00000000    
         364   4.00000000    
         365   3.00000000    
         366   2.00000000    
         367   3.00000000    
         368   4.00000000    
         369   3.00000000    
         370   4.00000000    
         371   5.00000000    
         372   4.00000000    
         373   3.00000000    
         374   4.00000000    
         375   3.00000000    
         376   2.00000000    
         377   1.00000000    
         378   0.00000000    
         379   1.00000000    
         380   2.00000000    
         381   3.00000000    
         382   4.00000000    
         383   5.00000000    
         384   6.00000000    
         385   7.00000000    
         386   8.00000000    
         387   9.00000000    
         388   8.00000000    
         389   7.00000000    
         390   8.00000000    
         391   7.00000000    
         392   6.00000000    
         393   5.00000000    
         394   4.00000000    
         395   5.00000000    
         396   6.00000000    
         397   5.00000000    
         398   6.00000000    
         399   5.00000000    
         400   4.00000000    
         401   3.00000000    
         402   2.00000000    
         403   1.00000000    
         404   0.00000000    
         405  -1.00000000    
         406  -2.00000000    
         407  -3.00000000    
         408  -2.00000000    
         409  -1.00000000    
         410  -2.00000000    
         411  -3.00000000    
         412  -2.00000000    
         413  -1.00000000    
         414  -2.00000000    
         415  -1.00000000    
         416  -2.00000000    
         417  -3.00000000    
         418  -2.00000000    
         419  -3.00000000    
         420  -2.00000000    
         421  -3.00000000    
         422  -4.00000000    
         423  -5.00000000    
         424  -6.00000000    
         425  -5.00000000    
         426  -6.00000000    
         427  -7.00000000    
         428  -6.00000000    
         429  -7.00000000    
         430  -8.00000000    
         431  -9.00000000    
         432  -10.0000000    
         433  -11.0000000    
         434  -10.0000000    
         435  -9.00000000    
         436  -8.00000000    
         437  -9.00000000    
         438  -8.00000000    
         439  -9.00000000    
         440  -10.0000000    
         441  -9.00000000    
         442  -10.0000000    
         443  -11.0000000    
         444  -10.0000000    
         445  -11.0000000    
         446  -10.0000000    
         447  -11.0000000    
         448  -10.0000000    
         449  -11.0000000    
         450  -12.0000000    
         451  -11.0000000    
         452  -12.0000000    
         453  -13.0000000    
         454  -14.0000000    
         455  -15.0000000    
         456  -16.0000000    
         457  -17.0000000    
         458  -16.0000000    
         459  -17.0000000    
         460  -16.0000000    
         461  -15.0000000    
         462  -14.0000000    
         463  -13.0000000    
         464  -14.0000000    
         465  -13.0000000    
         466  -12.0000000    
         467  -11.0000000    
         468  -12.0000000    
         469  -11.0000000    
         470  -12.0000000    
         471  -11.0000000    
         472  -10.0000000    
         473  -9.00000000    
         474  -8.00000000    
         475  -7.00000000    
         476  -6.00000000    
         477  -5.00000000    
         478  -6.00000000    
         479  -7.00000000    
         480  -8.00000000    
         481  -9.00000000    
         482  -10.0000000    
         483  -11.0000000    
         484  -10.0000000    
         485  -9.00000000    
         486  -8.00000000    
         487  -9.00000000    
         488  -10.0000000    
         489  -9.00000000    
         490  -10.0000000    
         491  -11.0000000    
         492  -10.0000000    
         493  -11.0000000    
         494  -12.0000000    
         495  -11.0000000    
         496  -12.0000000    
         497  -11.0000000    
         498  -12.0000000    
         499  -13.0000000    
         500  -12.0000000    
