   1.0000000000000000                1
   2.0000000000000000                2
   12.000000000000000                3
   288.00000000000000                4
   34560.000000000000                5
   24883200.000000000                6
   125411328000.00000                7
   5056584744960000.0                8
   1.8349334722510848E+021           9
   6.6586065841047368E+027          10
   2.6579026729639199E+035          11
   1.2731396329939941E+044          12
   7.9278669759579670E+053          13
   6.9113789582492716E+064          14
   9.0378331112371140E+076          15
   1.8909668322922345E+090          16
   6.7259312919286487E+104          17
   4.3061925649977143E+120          18
   5.2382722694891278E+137          19
   1.2744203123816110E+156          20
   6.5111334482340770E+175          21
   7.3185187344722247E+196          22
   1.8919846882741923E+219          23
   1.1738788759434837E+243          24
   1.8208281810188655E+268          25
   7.3432445758359765E+294          26

