507 
973 
842 
3361 
1441 
1995 
5596 
5505 
8156 
9865 
10982 
3576 
5737 
111 
1361 
984 
3307 
3608 
1655 
6666 
2628 
353 
864 
9617 
2874 
1398 
351 
308 
380 
2953 
4914 
1044 
1871 
5606 
268 
6070 
7993 
7514 
6899 
743 
1959 
1666 
1316 
4592 
3701 
1461 
7562 
6456 
1042 
8821 
9501 
1030 
19 
1662 
1833 
1538 
4670 
4252 
3523 
1323 
3974 
7190 
8366 
10341 
4131 
101 
1248 
2274 
2743 
2860 
5731 
922 
4109 
7067 
1238 
9921 
8822 
4379 
841 
1975 
2904 
3760 
2151 
5925 
681 
4689 
4716 
2963 
317 
9370 
5369 
153 
981 
2268 
3046 
4311 
3598 
6138 
435 
8054 
1735 
3612 
8453 
11406 
733 
806 
179 
1158 
206 
121 
134 
7496 
1825 
3290 
1830 
547 
10242 
744 
1310 
938 
728 
2941 
45 
5286 
7154 
8739 
3930 
2390 
81 
2859 
919 
1083 
1844 
2193 
2993 
930 
1285 
1655 
7646 
8208 
3391 
7581 
7599 
731 
1872 
2509 
3863 
2151 
5075 
25 
6606 
3045 
1247 
10906 
7092 
8615 
489 
1997 
1403 
2760 
271 
5544 
1172 
342 
460 
8802 
3133 
3838 
9387 
