   2.0000000000000000                1
   3.0000000000000000                2
   5.0000000000000000                3
   8.0000000000000000                4
   13.000000000000000                5
   21.000000000000000                6
   34.000000000000000                7
   55.000000000000000                8
   89.000000000000000                9
   144.00000000000000               10
   233.00000000000000               11
   377.00000000000000               12
   610.00000000000000               13
   987.00000000000000               14
   1597.0000000000000               15
   2584.0000000000000               16
   4181.0000000000000               17
   6765.0000000000000               18
   10946.000000000000               19
   17711.000000000000               20
   28657.000000000000               21
   46368.000000000000               22
   75025.000000000000               23
   121393.00000000000               24
   196418.00000000000               25
   317811.00000000000               26
   514229.00000000000               27
   832040.00000000000               28
   1346269.0000000000               29
   2178309.0000000000               30
   3524578.0000000000               31
   5702887.0000000000               32
   9227465.0000000000               33
   14930352.000000000               34
   24157817.000000000               35
   39088169.000000000               36
   63245986.000000000               37
   102334155.00000000               38
   165580141.00000000               39
   267914296.00000000               40
   433494437.00000000               41
   701408733.00000000               42
   1134903170.0000000               43
   1836311903.0000000               44
   2971215073.0000000               45
   4807526976.0000000               46
   7778742049.0000000               47
   12586269025.000000               48
   20365011074.000000               49
   32951280099.000000               50
   53316291173.000000               51
   86267571272.000000               52
   139583862445.00000               53
   225851433717.00000               54
   365435296162.00000               55
   591286729879.00000               56
   956722026041.00000               57
   1548008755920.0000               58
   2504730781961.0000               59
   4052739537881.0000               60
   6557470319842.0000               61
   10610209857723.000               62
   17167680177565.000               63
   27777890035288.000               64
   44945570212853.000               65
   72723460248141.000               66
   117669030460994.00               67
   190392490709135.00               68
   308061521170129.00               69
   498454011879264.00               70
   806515533049393.00               71
   1304969544928657.0               72
   2111485077978050.0               73
   3416454622906707.0               74
   5527939700884757.0               75
   8944394323791464.0               76
   14472334024676220.               77
   23416728348467684.               78
   37889062373143904.               79
   61305790721611584.               80
   99194853094755488.               81
   1.6050064381636707E+017          82
   2.5969549691112256E+017          83
   4.2019614072748966E+017          84
   6.7989163763861222E+017          85
   1.1000877783661019E+018          86
   1.7799794160047140E+018          87
   2.8800671943708160E+018          88
   4.6600466103755305E+018          89
   7.5401138047463465E+018          90
   1.2200160415121877E+019          91
   1.9740274219868226E+019          92
   3.1940434634990100E+019          93
   5.1680708854858326E+019          94
   8.3621143489848426E+019          95
   1.3530185234470676E+020          96
   2.1892299583455520E+020          97
   3.5422484817926200E+020          98
   5.7314784401381720E+020          99
   9.2737269219307920E+020         100
